5437.98339
5439.32425
5440.9217
5442.69632
5444.53817
5446.33875
5448.03553
5449.60533
5451.01138
5452.18549
5453.08462
5453.75127
5454.30009
5454.84796
5455.46353
5456.15528
5456.88269
5457.57273
5458.12867
5458.43186
5458.35372
5457.79487
5456.73722
5455.26679
5453.54299
5451.73666
5449.98129
5448.35901
5446.91066
5445.65121
5444.58197
5443.69842
5442.99695
5442.47711
5442.14222
5441.99519
5442.03166
5442.23112
5442.55369
5442.94764
5443.36778
5443.7909
5444.2138
5444.63442
5445.03312
5445.37337
5445.62687
5445.80611
5445.97823
5446.2476
5446.72417
5447.5056
5448.67233
5450.28024
5452.31211
5454.50999
5456.16238
5456.59556
5456.14672
5455.54695
5455.09869
5454.78041
5454.47992
5454.09359
5453.53578
5452.72256
5451.59606
5450.1813
5448.58128
5446.91667
5445.28162
5443.73996
5442.33274
5441.08399
5439.99831
5439.06327
5438.25671
5437.55671
5436.94801
5436.41998
5435.96054
5435.54877
5435.15068
5434.71979
5434.20413
5433.55818
5432.75477
5431.79881
5430.73013
5429.61413
5428.52341
5427.52231
5426.65987
5425.96825
5425.46643
5425.1616
5425.05159
5425.12434
5425.35826
5425.72159
5426.17284
5426.66264
5427.13689
5427.5413
5427.82619
5427.94951
5427.88199
5427.61296
5427.15924
5426.56789
5425.91029
5425.26771
5424.71826
5424.32931
5424.15463
5424.23289
5424.58397
5425.20144
5426.04146
5427.01585
5428.00664
5428.9163
5429.72527
5430.49908
5431.33725
5432.31717
5433.46119
5434.70665
5435.87816
5436.7336
5437.22566
5437.66979
5438.48431
5440.0376
5442.78216
5447.4758
5454.76413
5459.07281
5454.0765
5448.63428
5444.43532
5440.96851
5438.17332
5436.08441
5434.68943
5433.95512
5433.85799
5434.39792
5435.60224
5437.52432
5440.22175
5443.66657
5447.53141
5451.15612
5454.32463
5457.48227
5460.62306
5463.07182
5464.45585
5465.23561
5465.99229
5466.9048
5467.87823
5468.78814
5469.61581
5470.49111
5471.69971
5473.71903
5477.24733
5481.42174
5479.84211
5474.92253
5471.23479
5468.79234
5467.14097
5466.04712
5465.40193
5465.15016
5465.25913
5465.70333
5466.45359
5467.46542
5468.66381
5469.92415
5471.06251
5471.86926
5472.20809
5472.10673
5471.72213
5471.21896
5470.68441
5470.1199
5469.47267
5468.69439
5467.78498
5466.80425
5465.84347
5464.98898
5464.30396
5463.82756
5463.58208
5463.57739
5463.81382
5464.27909
5464.93828
5465.71695
5466.48811
5467.09276
5467.41775
5467.47804
5467.40863
5467.3853
5467.57444
5468.13147
5469.20196
5470.89575
5473.20124
5475.79341
5477.87294
5478.6712
5478.23745
5477.04354
5475.37147
5473.26899
5470.67017
5467.5595
5464.15455
5460.79721
5457.71865
5455.0102
5452.68851
5450.74474
5449.17377
5447.98826
5447.22615
5446.94781
5447.22235
5448.09115
5449.47121
5450.94584
5451.65319
5450.99294
5449.43333
5447.76594
5446.36597
5445.29498
5444.48827
5443.74435
5442.62445
5440.67228
5437.95699
5434.95364
5432.01634
5429.30737
5426.91372
5424.89479
5423.29209
5422.13373
5421.43579
5421.20167
5421.41812
5422.04696
5423.0057
5424.14329
5425.21856
5425.90063
5425.90116
5425.22805
5424.10862
5422.69702
5421.04644
5419.20783
5417.25696
5415.26946
5413.30036
5411.38177
5409.5286
5407.74566
5406.03278
5404.38699
5402.80252
5401.26934
5399.77282
5398.29533
5396.81969
5395.33384
5393.83666
5392.34409
5390.89045
5389.51726
5388.25824
5387.131
5386.14183
5385.29357
5384.5833
5383.9925
5383.50933
5383.19387
5383.21236
5383.81762
5385.38512
5388.61489
5394.91503
5404.04983
5401.86234
5393.6831
5389.30283
5387.50018
5387.10515
5387.16914
5386.28365
5384.23114
5382.03613
5380.10364
5378.47347
5377.13073
5376.06062
5375.24664
5374.66622
5374.28978
5374.07931
5373.99044
5373.97716
5373.99857
5374.02543
5374.04093
5374.03512
5373.99502
5373.89594
5373.69852
5373.35895
5372.8553
5372.2175
5371.5214
5370.84953
5370.26151
5369.7901
5369.44775
5369.23191
5369.12647
5369.10296
5369.12452
5369.15592
5369.17672
5369.19176
5369.2308
5369.34183
5369.58441
5370.0207
5370.71403
5371.72253
5373.08347
5374.78299
5376.72775
5378.7356
5380.45716
5381.63694
5382.67318
5383.89368
5385.14141
5386.57017
5387.13475
5385.53417
5384.31073
5383.78178
5383.63407
5383.71438
5384.02464
5384.62161
5385.53552
5386.74247
5388.17432
5389.76395
5391.49234
5393.38343
5395.48064
5397.86729
5400.72513
5404.45369
5410.07275
5420.19668
5421.83423
5416.39726
5415.56116
5416.36059
5417.43217
5418.16864
5418.63651
5419.45398
5419.75226
5417.79657
5414.7232
5412.26513
5410.78391
5410.17062
5410.31136
5411.04455
5411.82874
5411.90872
5411.34669
5410.48139
5409.56543
5408.81808
5408.31993
5408.06901
5408.04181
5408.19084
5408.41168
5408.52113
5408.29493
5407.5796
5406.39511
5404.89943
5403.25278
5401.52624
5399.72254
5397.8571
5396.00058
5394.24671
5392.66427
5391.28293
5390.10394
5389.11444
5388.29742
5387.63629
5387.12017
5386.74358
5386.50622
5386.41181
5386.46303
5386.66069
5387.00093
5387.47471
5388.06997
5388.77597
5389.59036
5390.52739
5391.62422
5392.94269
5394.56413
5396.5717
5399.03499
5402.24967
5407.4759
5409.72734
5403.07391
5398.96426
5396.83212
5395.65279
5394.95404
5394.39925
5393.68495
5392.72407
5391.74867
5390.98601
5390.4707
5390.09819
5389.72212
5389.26036
5388.73858
5388.22695
5387.77262
5387.40544
5387.16078
5387.07161
5387.15175
5387.3955
5387.7883
5388.31947
5388.99009
5389.81167
5390.79094
5391.9033
5393.06189
5394.13711
5395.04791
5395.75191
5396.10793
5396.07164
5395.92912
5395.98184
5396.33774
5396.98242
5397.87024
5398.95634
5400.19586
5401.5195
5402.81196
5403.92051
5404.75674
5405.3716
5405.88123
5406.31831
5406.58013
5406.57603
5406.45049
5406.5402
5407.03722
5407.17166
5405.45303
5402.96765
5401.01856
5399.81453
5399.3275
5399.32416
5398.90155
5397.16579
5394.85988
5392.88808
5391.43361
5390.42372
5389.76753
5389.39712
5389.26508
5389.33815
5389.59101
5389.99959
5390.529
5391.10862
5391.60756
5391.87491
5391.88585
5391.76575
5391.64956
5391.61373
5391.69556
5391.92048
5392.31336
5392.89496
5393.65877
5394.52323
5395.30312
5395.82562
5396.14837
5396.49741
5396.92574
5397.17795
5397.17276
5397.6779
5400.47442
5404.84598
5398.07961
5392.30243
5389.01287
5386.78874
5385.1213
5383.84257
5382.89471
5382.25035
5381.89211
5381.80956
5381.99916
5382.46242
5383.207
5384.2444
5385.58908
5387.25125
5389.21905
5391.41658
5393.6347
5395.52282
5396.78482
5397.4591
5397.85881
5398.26862
5398.79955
5399.41156
5399.97304
5400.31889
5400.30665
5399.87621
5399.10316
5398.1695
5397.25392
5396.46448
5395.85437
5395.44179
5395.22763
5395.20151
5395.34368
5395.62476
5396.00656
5396.44427
5396.89332
5397.31827
5397.70136
5398.04559
5398.37084
5398.70868
5399.10066
5399.60119
5400.27742
5401.18261
5402.24919
5403.09143
5403.17999
5402.63946
5402.06542
5401.7868
5401.8587
5402.24767
5402.90408
5403.77101
5404.78025
5405.85897
5406.93302
5407.9532
5408.93701
5409.95792
5411.09088
5412.37698
5413.82581
5415.43025
5417.19026
5419.1153
5421.20442
5423.41664
5425.63934
5427.69593
5429.44252
5430.89015
5432.19147
5433.50446
5434.88665
5436.30086
5437.73381
5439.30883
5441.23267
5443.67801
5446.69763
5449.82634
5451.14572
5449.95076
5447.91501
5445.5168
5443.2622
5441.57753
5440.55809
5440.20425
5440.50387
5441.30426
5441.74613
5440.48249
5438.16217
5436.0236
5434.30924
5432.91731
5431.77549
5430.89109
5430.22983
5429.51686
5428.18296
5425.82449
5422.73779
5419.55272
5416.65331
5414.1474
5412.02413
5410.24183
5408.75534
5407.52132
5406.49809
5405.64542
5404.9255
5404.30422
5403.75094
5403.23824
5402.73851
5402.22406
5401.67162
5401.07076
5400.43135
5399.78389
5399.1708
5398.63298
5398.1964
5397.86268
5397.60767
5397.39429
5397.19743
5397.02304
5396.90012
5396.85663
5396.90728
5397.0498
5397.2742
5397.57687
5397.96271
5398.44497
5399.03903
5399.75535
5400.59473
5401.54838
5402.60441
5403.75367
5404.98983
5406.30764
5407.705
5409.19276
5410.81352
5412.67765
5415.03757
5418.47707
5423.8833
5425.11764
5422.3637
5420.52273
5418.73784
5417.09711
5415.81908
5414.88059
5414.12236
5413.44275
5412.86238
5412.43171
5412.17352
5412.08995
5412.16299
5412.34353
5412.57213
5412.84356
5413.23186
5413.84827
5414.79114
5416.11736
5417.80669
5419.6895
5421.3759
5422.41731
5422.74641
5422.7375
5422.79443
5423.14904
5423.9305
5425.29649
5427.57301
5431.12936
5433.76111
5431.60856
5429.15895
5428.11794
5428.06004
5428.62802
5429.59863
5430.77429
5431.90849
5432.69647
5432.87964
5432.43702
5431.61901
5430.72036
5429.91274
5429.25521
5428.76051
5428.44115
5428.31962
5428.42389
5428.7768
5429.38539
5430.23042
5431.25519
5432.35903
5433.4232
5434.39219
5435.35135
5436.46072
5437.6605
5438.34687
5438.17924
5437.80393
5437.62388
5437.50905
5437.22308
5436.71613
5436.14802
5435.71816
5435.54957
5435.68322
5436.10576
5436.76795
5437.59318
5438.48911
5439.37591
5440.21277
5440.97624
5441.60367
5441.96707
5441.95186
5441.62749
5441.25179
5441.09753
5441.35451
5442.03269
5442.63044
5442.25581
5441.21585
5440.53983
5440.59352
5440.75439
5439.74851
5438.21519
5437.23367
5436.91608
5436.9894
5437.01873
5436.76552
5436.4672
5436.45245
5436.83936
5437.5841
5438.58846
5439.77901
5441.10251
5442.47741
5443.86193
5445.29407
5446.78324
5448.33963
5449.94822
5451.34494
5452.07934
5452.04428
5451.55231
5450.86224
5450.02142
5448.99438
5447.79293
5446.51142
5445.27191
5444.16704
5443.25072
5442.55032
5442.0665
5441.76109
5441.54574
5441.28313
5440.84444
5440.22441
5439.55722
5439.00028
5438.64115
5438.48792
5438.49376
5438.58743
5438.70648
5438.82325
5438.94434
5439.08718
5439.26923
5439.52354
5439.91535
5440.54838
5441.5712
5443.19627
5445.76198
5449.95863
5456.75791
5459.96648
5457.12973
5459.58941
5455.74579
5446.66273
5441.53607
5438.59644
5436.6979
5435.33482
5434.25673
5433.32808
5432.47667
5431.67416
5430.92501
5430.25705
5429.71374
5429.35077
5429.23877
5429.45761
5429.98703
5430.26803
5429.29956
5427.49297
5425.79647
5424.44777
5423.41696
5422.66691
5422.18641
5421.96796
5421.95249
5421.9279
5421.49619
5420.42314
5418.96477
5417.50862
5416.25709
5415.24332
5414.39206
5413.55124
5412.59717
5411.59938
5410.75113
5410.18671
5409.94457
5410.00774
5410.326
5410.82656
5411.43501
5412.10964
5412.85586
5413.7159
5414.7687
5416.14166
5417.97759
5420.15881
5421.63798
5421.41385
5420.61189
5420.29494
5420.62046
5421.50364
5422.86652
5424.66703
5426.88256
5429.48232
5432.39993
5435.54606
5438.91035
5442.66349
5447.06033
5451.90338
5454.85227
5453.24892
5450.00978
5447.44569
5445.77408
5444.80101
5444.33537
5444.25084
5444.4823
5445.00272
5445.80268
5446.8794
5448.23116
5449.85354
5451.73662
5453.86349
5456.2103
5458.74624
5461.43418
5464.23335
5467.09956
5469.98523
5472.83893
5475.6121
5478.27525
5480.83023
5483.33319
5486.01032
5489.28125
5491.83498
5490.25776
5487.8478
5486.20228
5485.08576
5484.4184
5484.19006
5484.37117
5484.91441
5485.73285
5486.64605
5487.38272
5487.68915
5487.36263
5486.30176
5484.70875
5483.04572
5481.71588
5480.9132
5480.69623
5481.11022
5482.21745
5483.76903
5484.73842
5485.10429
5485.91389
5487.04201
5487.99674
5488.92102
5489.66249
5489.81409
5489.40149
5488.68995
5487.81232
5486.76583
5485.53507
5484.16767
5482.7681
5481.44569
5480.26907
5479.25986
5478.39643
5477.67024
