712.972143
712.973273
712.973962
712.974285
712.975617
712.977014
712.978277
712.979666
712.981082
712.982625
712.984491
712.985759
712.987063
712.988403
712.989784
712.991284
712.992835
712.994421
712.996146
712.997962
712.999571
713.00091
713.002396
713.004196
713.006063
713.007915
713.009787
713.011684
713.013603
713.015546
713.017594
713.019443
713.021474
713.02362
713.025858
713.027882
713.02987
713.031881
713.03392
713.035987
713.038084
713.040191
713.042242
713.044302
713.046394
713.048517
713.050787
713.053097
713.055441
713.058212
713.060894
713.063572
713.066383
713.069031
713.071552
713.073997
713.076595
713.079236
713.082041
713.084621
713.087261
713.08997
713.092708
713.095571
713.098419
713.100499
713.101086
713.101844
713.102741
713.103729
713.105058
713.10707
713.108827
713.110597
713.112353
713.114108
713.115607
713.116682
713.117773
713.11883
713.119874
713.12103
713.122543
713.12411
713.125298
713.126627
713.127875
713.129254
713.130631
713.132288
713.134416
713.13697
713.140074
713.143177
713.146404
713.149437
713.152527
713.155502
713.158485
713.161474
713.16447
713.16761
713.170927
713.17431
713.177905
713.181435
713.185075
713.188554
713.19209
713.195677
713.199433
713.203344
713.207322
713.211279
713.215212
713.219188
713.223235
713.227317
713.231374
713.235487
713.239651
713.243863
713.247899
713.251979
713.256432
713.260997
713.265792
713.270105
713.274564
713.278955
713.283304
713.28785
713.292523
713.297273
713.302111
713.307096
713.312249
713.31735
713.322565
713.327943
713.333144
713.338965
713.344911
713.351216
713.357172
713.363042
713.36917
713.3757
713.382386
713.389257
713.396325
713.403568
713.411247
713.419394
713.427619
713.436781
713.445106
713.453653
713.462427
713.471434
713.480826
713.490086
713.499603
713.509404
713.519449
713.52972
713.540154
713.550941
713.561969
713.573242
713.584871
713.596864
713.608952
713.621271
713.633803
713.646528
713.659431
713.672498
713.685712
713.699054
713.712496
713.725939
713.739446
713.75301
713.76659
713.780173
713.79379
713.807833
713.821835
713.835769
713.849623
713.86427
713.878075
713.891851
713.905387
713.918663
713.931843
713.944925
713.957859
713.97053
713.983575
713.996772
714.009903
714.022855
714.035691
714.048397
714.060989
714.073476
714.085869
714.098182
714.110357
714.122347
714.134294
714.146341
714.158126
714.169876
714.181599
714.193322
714.205147
714.216905
714.228666
714.240436
714.252305
714.264265
714.276129
714.288167
714.299918
714.311695
714.323534
714.33566
714.348231
714.360751
714.373524
714.386222
714.398953
714.411715
714.424487
714.437242
714.450025
714.462834
714.475673
714.48855
714.501429
714.51445
714.527521
714.540575
714.553538
714.567043
714.580912
714.595955
714.611021
714.626106
714.641207
714.656331
714.671489
714.686651
714.701815
714.716978
714.732152
714.747445
714.762419
714.777341
714.792224
714.806922
714.821591
714.836303
714.851057
714.865691
714.880256
714.89484
714.909258
714.923669
714.938069
714.952412
714.966717
714.980985
714.995218
715.009421
715.023597
715.037646
715.051677
715.065694
715.079695
715.093682
715.107659
715.121637
715.135601
715.149516
715.163671
715.177844
715.19208
715.206365
715.220754
715.235107
715.249519
715.263931
715.278414
715.292978
715.307634
715.322393
715.33727
715.352236
715.367369
715.382654
715.398108
715.413743
715.429575
715.44562
715.461889
715.478409
715.495186
715.512234
715.530097
715.546749
715.563991
715.580849
715.598047
715.615957
715.634061
715.652591
715.671565
715.691
715.710956
715.731292
715.752128
715.773469
715.795314
715.817655
715.840513
715.863744
715.887597
715.91173
715.93599
715.960423
715.984944
716.009285
716.0333
716.056742
716.079322
716.100581
716.120177
716.13774
716.152865
716.164763
716.173214
716.177588
716.177048
716.172215
716.162204
716.146972
716.126584
716.101007
716.070557
716.035682
715.997496
715.954772
715.909549
715.862609
715.814554
715.765988
715.717461
715.66956
715.622254
715.576139
715.531571
715.488625
715.44729
715.407744
715.369975
715.333958
715.299851
715.267433
715.236646
715.207417
715.179758
715.15334
715.128447
715.104469
715.081675
715.059995
715.03936
715.019703
715.000962
714.983135
714.966021
714.949654
714.934182
714.919268
714.904964
714.890437
714.878272
714.866604
714.855404
714.844761
714.834312
714.824399
714.814544
714.805021
714.795808
714.787026
714.778621
714.770481
714.762582
714.754909
714.74745
714.74019
714.73312
714.726228
714.719503
714.71313
714.706405
714.699807
714.6932
714.686728
714.680421
714.67413
714.667945
714.661872
714.65591
714.650041
714.644271
714.638597
714.633021
714.627707
714.621925
714.616146
714.610472
714.604913
714.600137
714.595449
714.59086
714.586471
714.582171
714.577953
714.573825
714.569791
714.565852
714.56201
714.558267
714.55458
714.551416
714.548361
714.545407
714.542584
714.539886
714.537307
714.534851
714.532583
714.530338
714.528218
714.526232
714.524382
714.522836
714.520964
714.518798
714.516836
714.514984
714.51329
714.511861
714.510342
714.508971
714.507753
714.506689
714.505788
714.505064
714.504421
714.503936
714.503615
714.50344
714.503424
714.50372
714.503701
714.503791
714.504066
714.50458
714.505258
714.506102
714.507101
714.508269
714.509559
714.510391
714.512669
714.515139
714.517734
714.520455
714.523485
714.525401
714.528615
714.531592
714.534681
714.53784
714.541234
714.544715
714.54828
714.551954
714.555624
714.559495
714.563418
714.566944
714.570533
714.57418
714.57786
714.581602
714.585408
714.589244
714.593233
714.597043
714.60089
714.604844
714.608674
714.612533
714.616433
714.620411
714.624377
714.628467
714.632691
714.636909
714.641141
714.645116
714.649864
714.654541
714.659153
714.663753
714.668159
714.672664
714.677148
714.681609
714.686044
714.69045
714.694838
714.699154
714.703431
714.707667
714.711876
714.716094
714.720129
714.724152
714.72794
714.732071
714.736233
714.740252
714.744175
714.748052
714.75184
714.755411
714.758966
714.762144
714.765233
714.768286
714.7713
714.774231
714.777264
714.779738
714.782133
714.784472
714.787097
714.789542
714.791318
714.793459
714.79553
714.79749
714.79939
714.801244
714.803046
714.804805
714.806564
714.80827
714.809942
714.811611
714.813215
714.814796
714.816358
714.817913
714.819881
714.819975
714.820111
714.820324
714.820603
714.820873
714.821195
714.821564
714.822047
714.822448
714.822902
714.823357
714.823696
714.82407
714.824499
714.824983
714.825524
714.826232
714.827281
714.828388
714.829555
714.831012
714.83177
714.832592
714.833768
714.835085
714.836469
714.837921
714.83944
714.841291
714.842449
714.843697
714.845002
714.846258
714.847392
714.848625
714.850089
714.850156
714.850329
714.850589
714.850904
714.851436
714.851849
714.852312
714.852859
714.853256
714.853597
714.854089
714.854285
714.854566
714.854851
714.855186
714.855646
714.856174
714.856699
714.857383
714.857969
714.858604
714.859099
714.859529
714.85998
714.860495
714.861201
714.861358
714.861536
714.861743
714.862306
714.862338
714.862385
714.862457
714.862516
714.862585
714.862782
714.863213
714.861841
714.860465
714.859058
714.85762
714.856151
714.85465
714.853119
714.851554
714.849957
714.848326
714.84666
714.844961
714.843227
714.841458
714.839655
714.837816
714.835943
714.834134
714.831955
714.829739
714.827487
714.8252
714.822877
714.820519
714.818124
714.815722
714.813285
714.810812
714.808304
714.805763
714.80316
714.800613
714.797823
714.794926
714.792123
714.788655
714.78582
714.783397
714.779892
714.776353
714.772779
714.769174
714.765538
714.761832
714.758219
714.754556
714.751136
714.748055
714.7447
714.741162
714.737814
714.734437
714.731037
714.727602
714.724241
714.72103
714.717251
714.71363
714.710063
714.706559
714.703326
714.700061
714.696842
714.693763
714.690549
714.687366
714.684431
714.681945
714.679516
714.677027
714.674605
714.672445
714.669803
714.667237
714.664792
714.662369
714.659877
714.657584
714.655333
714.653174
714.650897
714.649034
714.647235
714.645373
714.643628
714.641981
714.640431
714.638979
714.637774
714.636441
714.635042
714.634047
714.632827
714.632175
714.631668
714.631216
714.630831
714.630514
714.63025
714.629825
714.630073
714.630434
714.630855
714.63112
714.631415
714.631923
714.631673
714.631216
714.630787
714.630582
714.630628
714.630745
714.630867
714.631104
714.631258
714.63148
714.63171
714.631953
714.632264
714.632513
714.632792
714.633108
714.633467
714.633866
714.634181
714.634786
714.635469
714.636313
714.637181
714.638104
714.639185
714.640442
714.641788
714.643276
714.644893
714.646709
714.648675
714.650815
714.653122
714.655585
714.658238
714.661058
714.663929
714.666431
714.669106
714.671453
714.676135
714.680952
714.685897
714.690966
714.696144
714.701422
714.706789
714.712235
714.717748
714.723354
714.728906
714.734148
714.739431
714.744716
714.749999
714.755275
714.760529
714.765716
714.771155
714.775722
714.7802
714.784581
714.788927
714.793174
714.79728
714.801229
714.804992
714.808574
714.811998
714.815204
714.818175
714.820918
714.823396
714.825445
714.827403
714.82909
714.830398
714.831428
714.832109
714.832581
714.83314
714.83396
714.834549
714.834476
714.834623
714.834302
714.8335
714.83221
714.830424
714.828131
714.825254
714.821896
714.818087
714.813797
714.809095
714.803765
714.79801
714.791893
714.785484
714.779034
714.772329
714.765407
714.758321
714.751162
714.743916
714.736672
714.729521
714.722531
714.715739
714.709074
714.702688
714.696599
714.69081
714.685374
714.680303
714.675257
714.670308
714.665734
714.661529
714.657803
714.654622
714.651777
714.649248
714.647222
714.644979
714.643214
714.641669
714.640419
714.639023
714.637766
714.636603
714.635497
714.634411
714.633303
714.63215
714.630909
714.62954
714.628011
714.626289
714.624343
714.622331
714.619347
714.616151
714.612633
714.608794
714.604711
714.600237
714.594352
714.587476
714.579848
714.572012
714.564017
714.555749
714.5473
714.538869
714.530704
714.522505
714.514325
714.506099
714.498226
714.490484
714.482986
714.475804
714.468747
714.461968
714.455467
714.449769
714.445003
714.440684
714.436653
714.432961
714.429609
714.426591
714.423913
714.421569
714.419567
714.417827
714.416116
714.414694
714.413022
714.411764
714.410801
714.410101
714.409698
714.409589
714.409769
714.41025
714.410958
714.411863
714.412967
714.414169
714.415689
714.417503
714.419172
714.420985
714.422884
714.424927
714.427162
714.429533
714.432028
714.434639
714.437362
714.44019
714.442333
714.444079
714.44669
714.449164
714.451937
714.453572
714.455715
714.457934
714.460222
714.462578
714.464996
714.467381
714.46877
714.470222
714.471755
714.473362
714.475024
714.476851
714.478798
714.481121
714.482907
714.484731
714.48672
714.488262
714.48985
714.4909
714.492673
714.495027
714.496577
714.498188
714.499843
714.501476
714.50312
714.504793
714.506564
714.508426
714.510374
714.512315
714.514296
714.516236
714.518188
714.52303
714.519909
714.516689
